image_width: 1280
image_height: 720
camera_name: narrow_stereo
camera_matrix:
  rows: 3
  cols: 3
  data: [913.653581, 0.000000, 637.711518, 0.000000, 914.594866, 348.727618, 0.000000, 0.000000, 1.000000]
distortion_model: plumb_bob
distortion_coefficients:
  rows: 1
  cols: 5
  data: [0.095512, -0.162003, 0.003557, -0.002188, 0.000000]
rectification_matrix:
  rows: 3
  cols: 3
  data: [1.000000, 0.000000, 0.000000, 0.000000, 1.000000, 0.000000, 0.000000, 0.000000, 1.000000]
projection_matrix:
  rows: 3
  cols: 4
  data: [921.287354, 0.000000, 634.484030, 0.000000, 0.000000, 928.911377, 350.594197, 0.000000, 0.000000, 0.000000, 1.000000, 0.000000]
